       2.44188121e+06, 1.17351177e+07, 2.87884915e+07, 5.35880587e+07,
       8.57322563e+07, 1.24621890e+08, 1.69556644e+08, 2.19790824e+08,
       2.74567810e+08, 3.33141980e+08, 3.94792842e+08, 4.58834162e+08,
       5.24619465e+08, 5.91545453e+08, 6.59053533e+08, 7.26630387e+08,
       7.93807528e+08, 8.60160451e+08, 9.25307322e+08, 9.88907271e+08,
       1.05065850e+09, 1.11029676e+09, 1.16759283e+09, 1.22235071e+09,
       1.27440572e+09, 1.32362205e+09, 1.36989112e+09, 1.41312945e+09,
       1.45327682e+09, 1.49029415e+09, 1.52416238e+09, 1.55487967e+09,
       1.58246076e+09, 1.60693492e+09, 1.62834462e+09, 1.64674390e+09,
       1.66219707e+09, 1.67477764e+09, 1.68456715e+09, 1.69165367e+09,
       1.69613077e+09, 1.69809756e+09, 1.69765611e+09, 1.69491218e+09,
       1.68997337e+09, 1.68294870e+09, 1.67394867e+09, 1.66308349e+09,
       1.65046322e+09, 1.63619749e+09, 1.62039437e+09, 1.60316073e+09,
       1.58460119e+09, 1.56481852e+09, 1.54391281e+09, 1.52198143e+09,
       1.49911913e+09, 1.47541740e+09, 1.45096450e+09, 1.42584551e+09,
       1.40014238e+09, 1.37393323e+09, 1.34729291e+09, 1.32029311e+09,
       1.29300139e+09, 1.26548253e+09, 1.23779755e+09, 1.21000407e+09,
       1.18215657e+09, 1.15430603e+09, 1.12650041e+09, 1.09878457e+09,
       1.07120019e+09, 1.04378619e+09, 1.01657846e+09, 9.89610297e+08,
       9.62912280e+08, 9.36512265e+08, 9.10435939e+08, 8.84706590e+08,
       8.59345000e+08, 8.34370153e+08, 8.09798811e+08, 7.85645702e+08,
       7.61923983e+08, 7.38644845e+08, 7.15817865e+08, 6.93451230e+08,
       6.71551440e+08, 6.50123777e+08, 6.29172157e+08, 6.08699309e+08,
       5.88706890e+08, 5.69195432e+08, 5.50164508e+08, 5.31612884e+08,
       5.13538366e+08, 4.95938091e+08, 4.78808383e+08, 4.62145063e+08,
       4.45943273e+08, 4.30197619e+08, 4.14902275e+08, 4.00050959e+08,
       3.85636992e+08, 3.71653387e+08, 3.58092750e+08, 3.44947582e+08,
       3.32210040e+08, 3.19872125e+08, 3.07925689e+08, 2.96362395e+08,
       2.85173890e+08, 2.74351676e+08, 2.63887198e+08, 2.53771906e+08,
       2.43997238e+08, 2.34554595e+08, 2.25435432e+08, 2.16631244e+08,
       2.08133584e+08, 1.99934068e+08, 1.92024377e+08, 1.84396308e+08,
       1.77041740e+08, 1.69952680e+08, 1.63121236e+08, 1.56539656e+08,
       1.50200299e+08, 1.44095680e+08, 1.38218449e+08, 1.32561388e+08,
       1.27117455e+08, 1.21879725e+08, 1.16841455e+08, 1.11996034e+08,
       1.07337024e+08, 1.02858137e+08, 9.85532337e+07, 9.44163381e+07,
       9.04416414e+07, 8.66234675e+07, 8.29563100e+07, 7.94348170e+07,
       7.60537773e+07, 7.28081390e+07, 6.96929913e+07, 6.67035738e+07,
       6.38352659e+07, 6.10835977e+07, 5.84442249e+07, 5.59129426e+07,
       5.34856918e+07, 5.11585314e+07, 4.89276494e+07, 4.67893647e+07,
       4.47401157e+07, 4.27764587e+07, 4.08950736e+07, 3.90927434e+07,
       3.73663702e+07, 3.57129651e+07, 3.41296343e+07, 3.26135965e+07,
       3.11621649e+07, 2.97727530e+07, 2.84428621e+07, 2.71700855e+07,
       2.59521113e+07, 2.47867075e+07, 2.36717273e+07, 2.26051017e+07,
       2.15848441e+07, 2.06090332e+07, 1.96758366e+07, 1.87834773e+07,
       1.79302550e+07, 1.71145328e+07, 1.63347360e+07, 1.55893539e+07,
       1.48769345e+07, 1.41960816e+07, 1.35454562e+07, 1.29237712e+07,
       1.23297921e+07, 1.17623326e+07, 1.12202553e+07, 1.07024681e+07,
       1.02079240e+07, 9.73561815e+06, 9.28458653e+06, 8.85390555e+06,
       8.44268899e+06, 8.05008760e+06, 7.67528732e+06, 7.31750788e+06,
       6.97600168e+06, 6.65005238e+06, 6.33897380e+06, 6.04210870e+06,
       5.75882731e+06, 5.48852760e+06, 5.23063138e+06, 4.98458668e+06,
       4.74986451e+06, 4.52595858e+06, 4.31238435e+06, 4.10867849e+06,
       3.91439667e+06, 3.72911465e+06, 3.55242719e+06, 3.38394525e+06,
       3.22329751e+06, 3.07012962e+06, 2.92410084e+06, 2.78488706e+06,
       2.65217809e+06, 2.52567689e+06, 2.40509986e+06, 2.29017595e+06,
       2.18064620e+06, 2.07626319e+06, 1.97679040e+06, 1.88200180e+06,
       1.79168159e+06, 1.70562365e+06, 1.62363095e+06, 1.54551551e+06,
       1.47109771e+06, 1.40020605e+06, 1.33267674e+06, 1.26835341e+06,
       1.20708687e+06, 1.14873459e+06, 1.09316062e+06, 1.04023507e+06,
       9.89834119e+05, 9.41839478e+05, 8.96138391e+05, 8.52623151e+05,
       8.11191036e+05, 7.71744112e+05, 7.34188831e+05, 6.98436050e+05,
       6.64400689e+05, 6.32001586e+05, 6.01161442e+05, 5.71806399e+05,
       5.43866135e+05, 5.17273473e+05, 4.91964473e+05, 4.67878136e+05,
       4.44956246e+05, 4.23143436e+05, 4.02386774e+05, 3.82635947e+05,
       3.63842851e+05, 3.45961762e+05, 3.28949088e+05, 3.12763192e+05,
       2.97364468e+05, 2.82715182e+05, 2.68779349e+05, 2.55522715e+05,
       2.42912593e+05, 2.30917892e+05, 2.19508958e+05, 2.08657574e+05,
       1.98336840e+05, 1.88521142e+05, 1.79186070e+05, 1.70308385e+05,
       1.61865970e+05, 1.53837731e+05, 1.46203598e+05, 1.38944468e+05,
       1.32042129e+05, 1.25479257e+05, 1.19239355e+05, 1.13306704e+05,
       1.07666359e+05, 1.02304078e+05, 9.72063119e+04, 9.23601509e+04,
       8.77533184e+04, 8.33741271e+04, 7.92114501e+04, 7.52546958e+04,
       7.14937879e+04, 6.79191334e+04, 6.45216095e+04, 6.12925272e+04,
       5.82236253e+04, 5.53070384e+04, 5.25352781e+04, 4.99012312e+04,
       4.73981218e+04, 4.50195042e+04, 4.27592517e+04, 4.06115275e+04,
       3.85707829e+04, 3.66317449e+04, 3.47893905e+04, 3.30389443e+04,
       3.13758610e+04, 2.97958247e+04, 2.82947274e+04, 2.68686548e+04,
       2.55138967e+04, 2.42269194e+04, 2.30043600e+04, 2.18430209e+04,
       2.07398657e+04, 1.96920038e+04, 1.86966878e+04, 1.77513059e+04,
       1.68533735e+04, 1.60005291e+04, 1.51905282e+04, 1.44212357e+04,
       1.36906234e+04, 1.29967612e+04, 1.23378167e+04, 1.17120461e+04,
       1.11177933e+04, 1.05534825e+04, 1.00176174e+04, 9.50877591e+03,
       9.02560544e+03, 8.56682059e+03, 8.13119943e+03, 7.71758300e+03,
       7.32486690e+03, 6.95200325e+03, 6.59799560e+03, 6.26189852e+03,
       5.94281121e+03, 5.63987959e+03, 5.35229178e+03, 5.07927588e+03,
       4.82009918e+03, 4.57406453e+03, 4.34051073e+03, 4.11880880e+03,
       3.90836169e+03, 3.70860164e+03, 3.51899029e+03, 3.33901482e+03,
       3.16818926e+03, 3.00605127e+03, 2.85216228e+03, 2.70610518e+03,
       2.56748434e+03, 2.43592302e+03, 2.31106427e+03, 2.19256918e+03,
       2.08011512e+03, 1.97339624e+03, 1.87212172e+03, 1.77601564e+03,
       1.68481595e+03, 1.59827358e+03, 1.51615227e+03, 1.43822754e+03,
       1.36428618e+03, 1.29412583e+03, 1.22755433e+03, 1.16438913e+03,
       1.10445702e+03, 1.04759348e+03, 9.93642360e+02, 9.42455265e+02,
       8.93891488e+02, 8.47817287e+02, 8.04105863e+02, 7.62636659e+02,
       7.23295306e+02, 6.85973247e+02, 6.50567401e+02, 6.16979987e+02,
       5.85118074e+02, 5.54893493e+02, 5.26222597e+02, 4.99025899e+02,
       4.73228067e+02, 4.48757504e+02, 4.25546305e+02, 4.03529964e+02,
       3.82647326e+02, 3.62840278e+02, 3.44053769e+02, 3.26235421e+02,
       3.09335658e+02, 2.93307313e+02, 2.78105731e+02, 2.63688402e+02,
       2.50015154e+02, 2.37047735e+02, 2.24749913e+02, 2.13087242e+02,
       2.02027105e+02, 1.91538521e+02, 1.81592095e+02, 1.72159943e+02,
       1.63215598e+02, 1.54733950e+02, 1.46691178e+02, 1.39064679e+02,
       1.31833009e+02, 1.24975828e+02, 1.18473822e+02, 1.12308684e+02,
       1.06463044e+02, 1.00920414e+02, 9.56651642e+01, 9.06824590e+01,
       8.59582250e+01, 8.14791156e+01, 7.72324722e+01, 7.32062768e+01,
       6.93891361e+01, 6.57702490e+01, 6.23393545e+01, 5.90867323e+01,
       5.60031673e+01, 5.30798966e+01, 5.03086308e+01, 4.76814974e+01,
       4.51910287e+01, 4.28301533e+01, 4.05921450e+01, 3.84706454e+01,
       3.64596060e+01, 3.45533068e+01, 3.27463064e+01, 3.10334609e+01,
       2.94098781e+01, 2.78709289e+01, 2.64122178e+01, 2.50295781e+01,
       2.37190567e+01, 2.24769080e+01, 2.12995798e+01, 2.01837020e+01,
       1.91260770e+01, 1.81236791e+01, 1.71736336e+01, 1.62732166e+01,
       1.54198462e+01, 1.46110733e+01, 1.38445753e+01, 1.31181517e+01,
       1.24297138e+01, 1.17772837e+01, 1.11589847e+01, 1.05730377e+01,
       1.00177559e+01, 9.49154060e+00, 8.99287569e+00, 8.52032318e+00,
       8.07252180e+00, 7.64817918e+00, 7.24607058e+00, 6.86503551e+00,
       6.50397257e+00, 6.16183938e+00, 5.83764684e+00, 5.53045685e+00,
       5.23938145e+00, 4.96357814e+00, 4.70224752e+00, 4.45463383e+00,
       4.22001848e+00, 3.99772220e+00, 3.78710013e+00, 3.58754064e+00,
       3.39846538e+00, 3.21932474e+00, 3.04959884e+00, 2.88879445e+00,
       2.73644371e+00, 2.59210445e+00, 2.45535611e+00, 2.32580067e+00,
       2.20306110e+00, 2.08678049e+00, 1.97661914e+00, 1.87225674e+00,
       1.77338869e+00, 1.67972666e+00, 1.59099734e+00, 1.50694179e+00,
       1.42731450e+00, 1.35188300e+00, 1.28042682e+00, 1.21273704e+00,
       1.14861581e+00, 1.08787556e+00, 1.03033851e+00, 1.95167241e+00
