       1.23308760e+07, 5.99658995e+07, 1.47318802e+08, 2.73525717e+08,
       4.35570346e+08, 6.29420552e+08, 8.50609040e+08, 1.09456614e+09,
       1.35681928e+09, 1.63311390e+09, 1.91948432e+09, 2.21229238e+09,
       2.50824346e+09, 2.80438951e+09, 3.09812038e+09, 3.38715056e+09,
       3.66950042e+09, 3.94347680e+09, 4.20765070e+09, 4.46083453e+09,
       4.70206294e+09, 4.93056935e+09, 5.14576689e+09, 5.34722967e+09,
       5.53467419e+09, 5.70794457e+09, 5.86699443e+09, 6.01187607e+09,
       6.14272519e+09, 6.25975062e+09, 6.36322293e+09, 6.45346522e+09,
       6.53084487e+09, 6.59576438e+09, 6.64865642e+09, 6.68997605e+09,
       6.72019583e+09, 6.73980095e+09, 6.74928485e+09, 6.74914554e+09,
       6.73988217e+09, 6.72199206e+09, 6.69596779e+09, 6.66229695e+09,
       6.62145712e+09, 6.57391820e+09, 6.52013722e+09, 6.46055992e+09,
       6.39561862e+09, 6.32573245e+09, 6.25130537e+09, 6.17272798e+09,
       6.09037457e+09, 6.00460455e+09, 5.91576338e+09, 5.82417976e+09,
       5.73016822e+09, 5.63402790e+09, 5.53604330e+09, 5.43648449e+09,
       5.33560703e+09, 5.23365316e+09, 5.13085084e+09, 5.02741545e+09,
       4.92354885e+09, 4.81944149e+09, 4.71527084e+09, 4.61120348e+09,
       4.50739414e+09, 4.40398798e+09, 4.30111849e+09, 4.19891005e+09,
       4.09747782e+09, 3.99692679e+09, 3.89735437e+09, 3.79884975e+09,
       3.70149346e+09, 3.60535899e+09, 3.51051286e+09, 3.41701452e+09,
       3.32491761e+09, 3.23426920e+09, 3.14511051e+09, 3.05747803e+09,
       2.97140278e+09, 2.88691088e+09, 2.80402423e+09, 2.72276041e+09,
       2.64313302e+09, 2.56515186e+09, 2.48882362e+09, 2.41415137e+09,
       2.34113548e+09, 2.26977339e+09, 2.20005988e+09, 2.13198760e+09,
       2.06554682e+09, 2.00072591e+09, 1.93751123e+09, 1.87588752e+09,
       1.81583800e+09, 1.75734434e+09, 1.70038704e+09, 1.64494554e+09,
       1.59099806e+09, 1.53852230e+09, 1.48749455e+09, 1.43789078e+09,
       1.38968638e+09, 1.34285609e+09, 1.29737412e+09, 1.25321455e+09,
       1.21035097e+09, 1.16875694e+09, 1.12840564e+09, 1.08927023e+09,
       1.05132393e+09, 1.01453992e+09, 9.78891190e+08, 9.44351242e+08,
       9.10893445e+08, 8.78491312e+08, 8.47118619e+08, 8.16749453e+08,
       7.87358134e+08, 7.58919123e+08, 7.31407356e+08, 7.04798061e+08,
       6.79066779e+08, 6.54189395e+08, 6.30142351e+08, 6.06902119e+08,
       5.84445953e+08, 5.62751341e+08, 5.41796123e+08, 5.21558763e+08,
       5.02018052e+08, 4.83153111e+08, 4.64943720e+08, 4.47369900e+08,
       4.30412226e+08, 4.14051664e+08, 3.98269668e+08, 3.83048136e+08,
       3.68369323e+08, 3.54216022e+08, 3.40571369e+08, 3.27418989e+08,
       3.14742904e+08, 3.02527580e+08, 2.90757856e+08, 2.79419015e+08,
       2.68496725e+08, 2.57977062e+08, 2.47846491e+08, 2.38091834e+08,
       2.28700341e+08, 2.19659584e+08, 2.10957531e+08, 2.02582476e+08,
       1.94523085e+08, 1.86768369e+08, 1.79307663e+08, 1.72130605e+08,
       1.65227196e+08, 1.58587743e+08, 1.52202807e+08, 1.46063330e+08,
       1.40160451e+08, 1.34485680e+08, 1.29030730e+08, 1.23787637e+08,
       1.18748657e+08, 1.13906334e+08, 1.09253439e+08, 1.04782978e+08,
       1.00488225e+08, 9.63626388e+07, 9.23999354e+07, 8.85940278e+07,
       8.49390378e+07, 8.14292865e+07, 7.80593091e+07, 7.48238074e+07,
       7.17176849e+07, 6.87360267e+07, 6.58740781e+07, 6.31272545e+07,
       6.04911448e+07, 5.79614945e+07, 5.55341861e+07, 5.32052723e+07,
       5.09709261e+07, 4.88274818e+07, 4.67713967e+07, 4.47992545e+07,
       4.29077704e+07, 4.10937750e+07, 3.93542246e+07, 3.76861772e+07,
       3.60868145e+07, 3.45534111e+07, 3.30833488e+07, 3.16741079e+07,
       3.03232645e+07, 2.90284832e+07, 2.77875216e+07, 2.65982203e+07,
       2.54585016e+07, 2.43663684e+07, 2.33199040e+07, 2.23172552e+07,
       2.13566511e+07, 2.04363854e+07, 1.95548159e+07, 1.87103687e+07,
       1.79015268e+07, 1.71268349e+07, 1.63848954e+07, 1.56743647e+07,
       1.49939501e+07, 1.43424144e+07, 1.37185647e+07, 1.31212601e+07,
       1.25494010e+07, 1.20019331e+07, 1.14778447e+07, 1.09761640e+07,
       1.04959579e+07, 1.00363327e+07, 9.59642751e+06, 9.17541729e+06,
       8.77251326e+06, 8.38695471e+06, 8.01801320e+06, 7.66499033e+06,
       7.32721682e+06, 7.00404750e+06, 6.69486683e+06, 6.39908290e+06,
       6.11612942e+06, 5.84546203e+06, 5.58655904e+06, 5.33892090e+06,
       5.10206786e+06, 4.87554022e+06, 4.65889814e+06, 4.45171924e+06,
       4.25359812e+06, 4.06414763e+06, 3.88299611e+06, 3.70978709e+06,
       3.54417957e+06, 3.38584648e+06, 3.23447484e+06, 3.08976406e+06,
       2.95142698e+06, 2.81918817e+06, 2.69278395e+06, 2.57196141e+06,
       2.45647897e+06, 2.34610463e+06, 2.24061686e+06, 2.13980291e+06,
       2.04345933e+06, 1.95139173e+06, 1.86341334e+06, 1.77934561e+06,
       1.69901781e+06, 1.62226656e+06, 1.54893478e+06, 1.47887294e+06,
       1.41193767e+06, 1.34799156e+06, 1.28690333e+06, 1.22854735e+06,
       1.17280316e+06, 1.11955580e+06, 1.06869517e+06, 1.02011591e+06,
       9.73717243e+05, 9.29402812e+05, 8.87080287e+05, 8.46661483e+05,
       8.08061989e+05, 7.71201176e+05, 7.36001817e+05, 7.02390025e+05,
       6.70295224e+05, 6.39649995e+05, 6.10389700e+05, 5.82452631e+05,
       5.55779715e+05, 5.30314597e+05, 5.06003208e+05, 4.82794034e+05,
       4.60637743e+05, 4.39487226e+05, 4.19297340e+05, 4.00025071e+05,
       3.81629209e+05, 3.64070418e+05, 3.47311068e+05, 3.31315231e+05,
       3.16048508e+05, 3.01478102e+05, 2.87572623e+05, 2.74302083e+05,
       2.61637838e+05, 2.49552508e+05, 2.38019947e+05, 2.27015145e+05,
       2.16514236e+05, 2.06494412e+05, 1.96933869e+05, 1.87811784e+05,
       1.79108305e+05, 1.70804394e+05, 1.62881918e+05, 1.55323565e+05,
       1.48112752e+05, 1.41233676e+05, 1.34671236e+05, 1.28411025e+05,
       1.22439237e+05, 1.16742746e+05, 1.11308984e+05, 1.06125936e+05,
       1.01182181e+05, 9.64667686e+04, 9.19692440e+04, 8.76796529e+04,
       8.35884697e+04, 7.96866053e+04, 7.59653890e+04, 7.24165202e+04,
       6.90321158e+04, 6.58046052e+04, 6.27267941e+04, 5.97917902e+04,
       5.69930469e+04, 5.43242790e+04, 5.17795164e+04, 4.93530353e+04,
       4.70393969e+04, 4.48333990e+04, 4.27300737e+04, 4.07246864e+04,
       3.88127151e+04, 3.69898439e+04, 3.52519588e+04, 3.35951286e+04,
       3.20156052e+04, 3.05098132e+04, 2.90743360e+04, 2.77059194e+04,
       2.64014550e+04, 2.51579792e+04, 2.39726609e+04, 2.28428041e+04,
       2.17658328e+04, 2.07392935e+04, 1.97608394e+04, 1.88282371e+04,
       1.79393541e+04, 1.70921588e+04, 1.62847074e+04, 1.55151523e+04,
       1.47817243e+04, 1.40827438e+04, 1.34166046e+04, 1.27817729e+04,
       1.21767877e+04, 1.16002593e+04, 1.10508563e+04, 1.05273102e+04,
       1.00284144e+04, 9.55301698e+03, 9.10001891e+03, 8.66837041e+03,
       8.25707323e+03, 7.86517456e+03, 7.49176586e+03, 7.13597992e+03,
       6.79699035e+03, 6.47401113e+03, 6.16628981e+03, 5.87310995e+03,
       5.59378997e+03, 5.32767818e+03, 5.07415446e+03, 4.83262686e+03,
       4.60253175e+03, 4.38333091e+03, 4.17451203e+03, 3.97558642e+03,
       3.78608820e+03, 3.60557355e+03, 3.43361901e+03, 3.26982111e+03,
       3.11379540e+03, 2.96517524e+03, 2.82361134e+03, 2.68877045e+03,
       2.56033522e+03, 2.43800319e+03, 2.32148619e+03, 2.21050901e+03,
       2.10481020e+03, 2.00413976e+03, 1.90826020e+03, 1.81694450e+03,
       1.72997679e+03, 1.64715125e+03, 1.56827157e+03, 1.49315076e+03,
       1.42161081e+03, 1.35348196e+03, 1.28860232e+03, 1.22681783e+03,
       1.16798168e+03, 1.11195393e+03, 1.05860098e+03, 1.00779627e+03,
       9.59418246e+02, 9.13351773e+02, 8.69487144e+02, 8.27719553e+02,
       7.87949170e+02, 7.50080982e+02, 7.14024563e+02, 6.79693651e+02,
       6.47006024e+02, 6.15883455e+02, 5.86251368e+02, 5.58038719e+02,
       5.31177875e+02, 5.05604350e+02, 4.81256766e+02, 4.58076627e+02,
       4.36008223e+02, 4.14998481e+02, 3.94996854e+02, 3.75955224e+02,
       3.57827682e+02, 3.40570592e+02, 3.24142324e+02, 3.08503256e+02,
       2.93615674e+02, 2.79443589e+02, 2.65952803e+02, 2.53110679e+02,
       2.40886197e+02, 2.29249783e+02, 2.18173256e+02, 2.07629787e+02,
       1.97593863e+02, 1.88041126e+02, 1.78948441e+02, 1.70293737e+02,
       1.62055996e+02, 1.54215231e+02, 1.46752377e+02, 1.39649304e+02,
       1.32888755e+02, 1.26454255e+02, 1.20330162e+02, 1.14501542e+02,
       1.08954226e+02, 1.03674665e+02, 9.86500119e+01, 9.38679959e+01,
       8.93169525e+01, 8.49857501e+01, 8.08638430e+01, 7.69411306e+01,
       7.32080471e+01, 6.96554420e+01, 6.62746315e+01, 6.30573484e+01,
       5.99957010e+01, 5.70821918e+01, 5.43096805e+01, 5.16713730e+01,
       4.91607950e+01, 4.67717857e+01, 4.44984810e+01, 4.23352969e+01,
       4.02769195e+01, 3.83182913e+01, 3.64545929e+01, 3.46812410e+01,
       3.29938723e+01, 3.13883321e+01, 2.98606664e+01, 2.84071131e+01,
       2.70240873e+01, 2.57081805e+01, 2.44561450e+01, 4.65297865e+01
